9
9
9
7
8
8
9
9
8
25
24
22
24
30
32
28
48
60
57
45
53
57
36
39
40
45
41
43
53
50
66
60
57
79
96
127
120
151
151
183
188
222
256
269
345
367
371
422
417
464
551
542
627
676
609
656
761
823
902
982
1124
1151
1196
1320
1428
1540
1654
1581
1632
2017
1998
2107
2027
1906
1865
2292
2181
2170
2470
2703
2912
3048
3301
3390
3294
3305
3465
3231
3463
3309
3495
3444
3457
3483
3440
3440
3517
3269
2960
2514
2295
2041
1939
1842
1847
1706
1722
1547
