0.000015235773596
0.000013969103447
0.000009108721702
0.000006155951354
0.000005648349305
0.000004365713650
0.000004652523684
0.000004484787600
0.000003684683232
0.000011846847743
0.000010606886256
0.000009423815094
0.000010484030201
0.000013029163176
0.000013435927839
0.000012000037714
0.000020906496999
0.000025870164543
0.000025211879307
0.000020528719450
0.000023839950269
0.000027090340583
0.000017052874807
0.000019508378849
0.000019263118304
0.000021535263276
0.000019736474738
0.000020184287236
0.000023956946204
0.000022693480072
0.000028666014008
0.000024629935223
0.000020867983644
0.000027993070475
0.000035690160334
0.000047876868235
0.000037558144703
0.000041920782492
0.000043740008232
0.000052517828081
0.000053657562006
0.000060262843722
0.000067383103476
0.000069829719321
0.000086685943610
0.000091429061138
0.000090025163368
0.000100476023016
0.000100928029602
0.000111634155625
0.000132631198372
0.000130910158918
0.000155381323611
0.000170759204010
0.000156643860281
0.000180914162573
0.000218950338841
0.000242406034526
0.000266952678938
0.000282491157768
0.000311580021179
0.000335315804270
0.000380452261035
0.000437460976492
0.000469673652459
0.000509948971989
0.000544984446197
0.000497660586037
0.000514134282298
0.000606176083784
0.000580048929653
0.000609103539507
0.000577877470590
0.000550417491378
0.000534717961363
0.000642363179025
0.000613351834192
0.000602041447641
0.000668747636031
0.000703254457652
0.000737030092696
0.000782676553522
0.000859591541682
0.000899375530937
0.000886256248053
0.000902672264964
0.000950262206550
0.000891359769190
0.000941772975331
0.000896131846478
0.000925073297832
0.000920498491093
0.000925310796827
0.000916585942366
0.000900910102528
0.000895366064169
0.000889719327325
0.000818476282090
0.000753879294756
0.000658867534079
0.000621833256564
0.000558885012079
0.000531165644239
0.000506418204662
0.000499687391023
0.000462495191378
0.000471397504714
0.000436229186411
